bypass = false
mono = false
ms = false
sphase = false
ovs = 0
hpm = 0
hpf = 10.00000
lpm = 0
lpf = 20000.00000
rate = 0.10000
frac = 1.00000
denom = 4.00000
tempo = 120.00000
sync = false
time = 0
reset = false
voices = 14
depth = 20.00000
xfade = 5.00000
xtype = 1
lfo2 = true
lt_1 = 6
lp_1 = 1
lo_1 = 90.00000
ld_1 = 5.00000
lip_1 = 0.00000
lvp_1 = 360.00000
lcp_1 = 22.50000
lt_2 = 6
lp_2 = 2
lo_2 = 90.00000
ld_2 = 15.00000
lip_2 = 11.25000
lvp_2 = 360.00000
lcp_2 = 22.50000
fb_on = false
fgain = -8.00 db
fdelay = 0.00000
fphase = false
g_in = 0.00 db
dry = 0.00 db
wet = -6.00 db
drywet = 100.00000
g_out = 0.00 db
