bypass = false
mono = false
ms = false
sphase = false
ovs = 0
hpm = 1
hpf = 150.00000
lpm = 1
lpf = 8000.00000
rate = 0.25000
frac = 0.50000
denom = 4.00000
tempo = 120.00000
sync = true
time = 1
reset = false
voices = 3
depth = 10.00000
xfade = 0.00000
xtype = 1
lfo2 = false
lt_1 = 1
lp_1 = 0
lo_1 = 100.00000
ld_1 = 1.00000
lip_1 = 0.00000
lvp_1 = 180.00000
lcp_1 = 180.00000
lt_2 = 0
lp_2 = 0
lo_2 = 100.00000
ld_2 = 15.00000
lip_2 = 180.00000
lvp_2 = 180.00000
lcp_2 = 180.00000
fb_on = true
fgain = -7.42 db
fdelay = 0.27000
fphase = false
g_in = 0.00 db
dry = 0.00 db
wet = -6.00 db
drywet = 100.00000
g_out = 0.00 db
