bypass = false
mono = false
ms = false
sphase = false
ovs = 0
hpm = 0
hpf = 10.00000
lpm = 0
lpf = 20000.00000
rate = 0.25000
frac = 2.00000
denom = 4.00000
tempo = 120.00000
sync = true
time = 1
reset = false
voices = 2
depth = 8.00000
xfade = 5.00000
xtype = 1
lfo2 = false
lt_1 = 0
lp_1 = 1
lo_1 = 100.00000
ld_1 = 2.00000
lip_1 = 0.00000
lvp_1 = 180.00000
lcp_1 = 180.00000
lt_2 = 0
lp_2 = 0
lo_2 = 100.00000
ld_2 = 15.00000
lip_2 = 180.00000
lvp_2 = 180.00000
lcp_2 = 180.00000
fb_on = false
fgain = -6.00 db
fdelay = 0.00000
fphase = false
g_in = 0.00 db
dry = 0.00 db
wet = -6.00 db
drywet = 100.00000
g_out = 0.00 db
