bypass = false
mono = false
ms = false
sphase = false
ovs = 0
hpm = 1
hpf = 200.00000
lpm = 1
lpf = 8000.00000
rate = 0.25000
frac = 2.00000
denom = 4.00000
tempo = 120.00000
sync = true
time = 1
reset = false
voices = 6
depth = 5.00000
xfade = 0.00000
xtype = 1
lfo2 = true
lt_1 = 2
lp_1 = 0
lo_1 = 100.00000
ld_1 = 2.50000
lip_1 = 0.00000
lvp_1 = 90.00000
lcp_1 = 90.00000
lt_2 = 0
lp_2 = 0
lo_2 = 100.00000
ld_2 = 7.50000
lip_2 = 90.00000
lvp_2 = 90.00000
lcp_2 = 90.00000
fb_on = true
fgain = -12.00 db
fdelay = 0.00000
fphase = false
g_in = -6.00 db
dry = 0.00 db
wet = -6.00 db
drywet = 100.00000
g_out = 0.00 db
